Number of nodes 255 
     0 :  3.7500000e-01  5.0000000e-01 
     1 :  0.0000000e+00 -1.0000000e+00 
     2 : -5.0000000e-01 -5.0000000e-01 
     3 :  5.0000000e-01 -1.0000000e+00 
     4 : -5.0000000e-01  1.0000000e+00 
     5 :  5.0000000e-01  1.0000000e+00 
     6 :  3.3838835e-01  5.8838835e-01 
     7 :  2.5000000e-01  6.2500000e-01 
     8 :  1.6161165e-01  5.8838835e-01 
     9 :  1.2500000e-01  5.0000000e-01 
    10 :  1.6161165e-01  4.1161165e-01 
    11 :  2.5000000e-01  3.7500000e-01 
    12 :  3.3838835e-01  4.1161165e-01 
    13 : -9.6073598e-03 -9.0245484e-01 
    14 : -3.8060234e-02 -8.0865828e-01 
    15 : -8.4265194e-02 -7.2221488e-01 
    16 : -1.4644661e-01 -6.4644661e-01 
    17 : -2.2221488e-01 -5.8426519e-01 
    18 : -3.0865828e-01 -5.3806023e-01 
    19 : -4.0245484e-01 -5.0960736e-01 
    20 :  1.0000000e-01 -1.0000000e+00 
    21 :  2.0000000e-01 -1.0000000e+00 
    22 :  3.0000000e-01 -1.0000000e+00 
    23 :  4.0000000e-01 -1.0000000e+00 
    24 : -5.0000000e-01  9.0000000e-01 
    25 : -5.0000000e-01  8.0000000e-01 
    26 : -5.0000000e-01  7.0000000e-01 
    27 : -5.0000000e-01  6.0000000e-01 
    28 : -5.0000000e-01  5.0000000e-01 
    29 : -5.0000000e-01  4.0000000e-01 
    30 : -5.0000000e-01  3.0000000e-01 
    31 : -5.0000000e-01  2.0000000e-01 
    32 : -5.0000000e-01  1.0000000e-01 
    33 : -5.0000000e-01  0.0000000e+00 
    34 : -5.0000000e-01 -1.0000000e-01 
    35 : -5.0000000e-01 -2.0000000e-01 
    36 : -5.0000000e-01 -3.0000000e-01 
    37 : -5.0000000e-01 -4.0000000e-01 
    38 :  5.0000000e-01 -9.0000000e-01 
    39 :  5.0000000e-01 -8.0000000e-01 
    40 :  5.0000000e-01 -7.0000000e-01 
    41 :  5.0000000e-01 -6.0000000e-01 
    42 :  5.0000000e-01 -5.0000000e-01 
    43 :  5.0000000e-01 -4.0000000e-01 
    44 :  5.0000000e-01 -3.0000000e-01 
    45 :  5.0000000e-01 -2.0000000e-01 
    46 :  5.0000000e-01 -1.0000000e-01 
    47 :  5.0000000e-01  0.0000000e+00 
    48 :  5.0000000e-01  1.0000000e-01 
    49 :  5.0000000e-01  2.0000000e-01 
    50 :  5.0000000e-01  3.0000000e-01 
    51 :  5.0000000e-01  4.0000000e-01 
    52 :  5.0000000e-01  5.0000000e-01 
    53 :  5.0000000e-01  6.0000000e-01 
    54 :  5.0000000e-01  7.0000000e-01 
    55 :  5.0000000e-01  8.0000000e-01 
    56 :  5.0000000e-01  9.0000000e-01 
    57 :  4.0000000e-01  1.0000000e+00 
    58 :  3.0000000e-01  1.0000000e+00 
    59 :  2.0000000e-01  1.0000000e+00 
    60 :  1.0000000e-01  1.0000000e+00 
    61 :  0.0000000e+00  1.0000000e+00 
    62 : -1.0000000e-01  1.0000000e+00 
    63 : -2.0000000e-01  1.0000000e+00 
    64 : -3.0000000e-01  1.0000000e+00 
    65 : -4.0000000e-01  1.0000000e+00 
    66 : -4.1492672e-01 -4.9749287e-02 
    67 :  4.1243414e-01 -1.4976601e-01 
    68 :  1.7948575e-01  3.1546903e-01 
    69 : -1.4878181e-01 -5.5167314e-01 
    70 :  6.5174648e-02  4.2509731e-01 
    71 :  2.9139541e-02  5.0950254e-01 
    72 :  4.1339746e-01 -4.5000000e-01 
    73 : -4.1496234e-01  2.4996211e-01 
    74 :  1.3481319e-02 -7.3755294e-01 
    75 : -4.1094284e-01  6.4852075e-01 
    76 : -1.4997612e-01  9.1627316e-01 
    77 : -4.0868278e-01  4.6358271e-01 
    78 : -4.1382664e-01 -2.4953145e-01 
    79 :  4.1010175e-01  5.2633272e-02 
    80 : -2.9031293e-02  4.3565232e-01 
    81 :  4.1682548e-01 -6.5651031e-01 
    82 : -6.5962941e-02  5.2484844e-01 
    83 :  5.0065895e-02  9.1428750e-01 
    84 :  2.5317987e-01 -9.0059627e-01 
    85 :  2.0017294e-03  6.0552153e-01 
    86 : -1.0155476e-01  6.1559401e-01 
    87 : -1.2473448e-01  4.4862843e-01 
    88 : -8.7418107e-02  3.5874116e-01 
    89 :  2.5000000e-01  9.1339746e-01 
    90 :  2.6268236e-01  2.7989374e-01 
    91 :  1.9131648e-01  2.2108466e-01 
    92 :  1.7381514e-01  6.8350296e-01 
    93 : -1.8041403e-01  3.6864934e-01 
    94 : -1.4586231e-01  2.8094175e-01 
    95 : -4.9691224e-02  2.6914919e-01 
    96 : -1.0868078e-01  1.9127534e-01 
    97 : -4.6680870e-02  6.9052712e-01 
    98 : -1.4027110e-01  7.0527588e-01 
    99 : -7.8822911e-03  1.7816632e-01 
   100 : -7.0317827e-02  1.0093392e-01 
   101 :  3.0820987e-02  8.6634095e-02 
   102 : -3.2190062e-02  1.0256238e-02 
   103 :  6.4291951e-02 -1.6418385e-03 
   104 :  5.0903990e-03 -8.0045503e-02 
   105 : -9.2376747e-02 -6.7676731e-02 
   106 : -5.4531017e-02 -1.5838180e-01 
   107 :  4.3175081e-02 -1.7072305e-01 
   108 : -1.6464182e-02 -2.4922751e-01 
   109 :  8.1416297e-02 -2.6161138e-01 
   110 : -1.1422361e-01 -2.3679173e-01 
   111 : -1.6541945e-01  1.1451589e-01 
   112 :  1.4041908e-01 -1.8850882e-01 
   113 :  1.7943839e-01 -2.7490148e-01 
   114 :  1.1971842e-01 -3.5296123e-01 
   115 : -3.2379002e-01 -4.4974184e-01 
   116 : -7.6152753e-02 -3.2772769e-01 
   117 : -1.9979636e-01  6.2794994e-01 
   118 : -2.3763142e-01  7.1834223e-01 
   119 :  4.1612976e-01  7.5009390e-01 
   120 : -3.5000000e-01  9.1339746e-01 
   121 :  2.1794846e-01 -3.6541039e-01 
   122 :  1.5804014e-01 -4.4412260e-01 
   123 :  5.9933146e-02 -4.3152461e-01 
   124 :  9.9728653e-02 -5.2214171e-01 
   125 :  1.9654783e-01 -5.3516315e-01 
   126 : -1.7389653e-01 -3.1473702e-01 
   127 : -2.1207121e-01 -2.2411825e-01 
   128 : -2.3284506e-01  4.5137631e-01 
   129 :  2.7753658e-01 -2.8663230e-01 
   130 :  2.7587286e-01  1.8367004e-01 
   131 :  1.9989209e-01  1.2499604e-01 
   132 :  1.3876338e-01 -6.0988826e-01 
   133 :  2.3363029e-01 -6.2480905e-01 
   134 :  1.6832101e-01 -7.1193954e-01 
   135 :  2.6668560e-01 -7.1370764e-01 
   136 :  4.1533878e-01 -8.5027870e-01 
   137 : -2.4306818e-01  2.9206459e-01 
   138 :  2.6394546e-01  7.3405658e-01 
   139 :  1.8514799e-01  7.7757983e-01 
   140 : -2.6778028e-01 -2.9774451e-01 
   141 :  3.5208732e-01  2.4645079e-01 
   142 :  2.9446953e-01 -5.4772797e-01 
   143 :  9.7533452e-02  7.2939889e-01 
   144 : -7.4975204e-02  7.7208861e-01 
   145 : -1.4033715e-01 -4.0243396e-01 
   146 :  4.7245663e-02  2.5694300e-01 
   147 :  6.1444903e-02 -8.3006639e-01 
   148 : -2.4104232e-02 -6.5687355e-01 
   149 :  3.2316956e-03 -5.0186836e-01 
   150 :  2.9545594e-01  8.6795415e-02 
   151 :  2.1485459e-01  2.9741100e-02 
   152 :  3.0895590e-01 -9.9323451e-03 
   153 :  2.1376533e-01 -5.6709012e-02 
   154 :  2.1278623e-01 -7.9679724e-01 
   155 : -2.1031659e-01 -4.8476773e-01 
   156 :  3.2869134e-01 -3.8588600e-01 
   157 :  3.7652827e-01 -2.9857359e-01 
   158 : -3.0103515e-01  6.3946598e-01 
   159 : -3.3553629e-01  7.3148341e-01 
   160 : -2.7438434e-01  8.2229853e-01 
   161 : -3.5622906e-01  5.5639413e-01 
   162 : -3.1992391e-01 -2.0572485e-01 
   163 : -2.4675061e-01 -1.3104495e-01 
   164 :  1.0104380e-01  1.7134420e-01 
   165 :  3.2227968e-01 -8.0483194e-01 
   166 :  1.4964109e-01 -8.8440289e-01 
   167 :  3.0009254e-01 -1.1508155e-01 
   168 :  3.7036400e-01  1.5644376e-01 
   169 :  2.6617273e-01  8.3268778e-01 
   170 :  3.9695551e-01 -4.9898289e-02 
   171 :  1.5008049e-01  9.1957133e-01 
   172 :  4.2037729e-01  6.5117155e-01 
   173 :  4.2346793e-01  8.4885292e-01 
   174 : -4.9935988e-02  9.1999388e-01 
   175 : -4.1352253e-01  3.4978336e-01 
   176 : -3.2780667e-01  4.0304205e-01 
   177 : -4.1414753e-01 -1.5087491e-01 
   178 : -4.1926763e-01 -3.3763009e-01 
   179 : -4.1373373e-01  1.5021690e-01 
   180 : -3.1284099e-01  2.0417590e-01 
   181 : -3.2399666e-01  9.5732985e-02 
   182 : -4.1300913e-01  5.0674109e-02 
   183 : -3.2679682e-01  1.3321679e-03 
   184 :  3.9787210e-01 -5.5199265e-01 
   185 : -2.4891962e-01  9.1492426e-01 
   186 :  4.1730853e-01 -7.5299183e-01 
   187 : -3.7806903e-02 -4.1339577e-01 
   188 :  2.1774005e-02 -3.3940803e-01 
   189 :  6.6938674e-03  3.4824442e-01 
   190 :  4.1184125e-01  3.3807964e-01 
   191 : -1.5165371e-01 -1.4553077e-01 
   192 :  2.3826969e-01 -2.0178416e-01 
   193 : -1.2968965e-01  2.3047752e-02 
   194 : -2.3404779e-01  3.6334409e-02 
   195 :  2.5622908e-01 -4.5645466e-01 
   196 :  1.1537284e-01 -9.3764860e-02 
   197 : -2.0560548e-01  2.0376279e-01 
   198 : -1.8742657e-01 -5.6670097e-02 
   199 : -1.7116863e-01  7.8960964e-01 
   200 : -1.6407593e-01  5.3654814e-01 
   201 :  8.8437769e-02  6.4471777e-01 
   202 : -2.6038920e-01  5.5042330e-01 
   203 :  3.3651593e-01 -2.1022937e-01 
   204 : -2.4125711e-01 -3.8490746e-01 
   205 :  3.4535486e-01  9.0953278e-01 
   206 : -3.8442763e-01  8.1595443e-01 
   207 : -9.9567054e-03  8.4151237e-01 
   208 :  3.4909416e-01 -9.1496420e-01 
   209 :  1.2398620e-01  6.8695884e-02 
   210 :  9.9570739e-02  8.3198611e-01 
   211 : -3.3057434e-01  3.0793088e-01 
   212 : -3.3620789e-01 -1.0024389e-01 
   213 :  4.0425472e-02 -5.8804117e-01 
   214 :  3.2463201e-01 -6.3293747e-01 
   215 :  9.2957892e-02 -7.5235761e-01 
   216 : -4.2618135e-01  7.3919172e-01 
   217 : -3.1719055e-01  4.8496370e-01 
   218 :  9.7133624e-02  3.3649040e-01 
   219 :  3.2611964e-01  3.2896358e-01 
   220 :  3.4161490e-01  6.9393312e-01 
   221 :  6.0295727e-02 -9.2338482e-01 
   222 :  4.2675313e-01  5.6791198e-01 
   223 : -2.4973453e-01  1.3257049e-01 
   224 :  4.2504592e-01  4.2993826e-01 
   225 :  1.4990635e-02  7.5609972e-01 
   226 :  1.4645418e-01 -1.0735745e-02 
   227 :  4.2341925e-01 -3.6735826e-01 
   228 :  7.7528867e-02 -6.7355783e-01 
   229 : -9.6665686e-02 -4.8161688e-01 
   230 :  3.3578025e-01 -4.7677278e-01 
   231 :  4.3245223e-01  2.4072910e-01 
   232 : -4.2440551e-01 -4.3093350e-01 
   233 : -3.3142210e-01 -3.6001972e-01 
   234 :  4.2509567e-01 -2.3171380e-01 
   235 :  8.1238138e-02  5.6962604e-01 
   236 : -2.7004092e-01 -5.5150296e-02 
   237 : -4.3235437e-01  8.7664304e-01 
   238 :  3.5018214e-01  7.9866189e-01 
   239 : -6.2056861e-02 -5.7108662e-01 
   240 : -4.3760559e-01  5.5188751e-01 
   241 :  4.2679492e-01  9.2679492e-01 
   242 :  1.9301315e-01  8.5499297e-01 
   243 :  4.2679492e-01 -9.2679492e-01 
   244 :  1.2324506e-01  2.6026626e-01 
   245 :  3.4940723e-01 -7.0633006e-01 
   246 : -3.4595153e-01 -2.8529589e-01 
   247 : -2.5917682e-01  3.6761709e-01 
   248 : -1.0462719e-01  8.5338778e-01 
   249 :  4.4642750e-01  1.5000000e-01 
   250 :  1.3843338e-01 -7.9924312e-01 
   251 :  2.0014729e-01 -1.3296440e-01 
   252 :  2.7156438e-02  6.8316321e-01 
   253 : -2.0003264e-01  8.6320092e-01 
   254 : -4.4302948e-01  9.4358970e-01 
Number of edges 66 
     0 :      0      6 
     1 :      6      7 
     2 :      7      8 
     3 :      8      9 
     4 :      9     10 
     5 :     10     11 
     6 :     11     12 
     7 :     12      0 
     8 :      1     13 
     9 :     13     14 
    10 :     14     15 
    11 :     15     16 
    12 :     16     17 
    13 :     17     18 
    14 :     18     19 
    15 :     19      2 
    16 :      1     20 
    17 :     20     21 
    18 :     21     22 
    19 :     22     23 
    20 :     23      3 
    21 :      4     24 
    22 :     24     25 
    23 :     25     26 
    24 :     26     27 
    25 :     27     28 
    26 :     28     29 
    27 :     29     30 
    28 :     30     31 
    29 :     31     32 
    30 :     32     33 
    31 :     33     34 
    32 :     34     35 
    33 :     35     36 
    34 :     36     37 
    35 :     37      2 
    36 :      3     38 
    37 :     38     39 
    38 :     39     40 
    39 :     40     41 
    40 :     41     42 
    41 :     42     43 
    42 :     43     44 
    43 :     44     45 
    44 :     45     46 
    45 :     46     47 
    46 :     47     48 
    47 :     48     49 
    48 :     49     50 
    49 :     50     51 
    50 :     51     52 
    51 :     52     53 
    52 :     53     54 
    53 :     54     55 
    54 :     55     56 
    55 :     56      5 
    56 :      5     57 
    57 :     57     58 
    58 :     58     59 
    59 :     59     60 
    60 :     60     61 
    61 :     61     62 
    62 :     62     63 
    63 :     63     64 
    64 :     64     65 
    65 :     65      4 
Number of triangles 444 
     0 :     21    166     20
     1 :    150    152     79
     2 :    180    197    137
     3 :    155    229    145
     4 :     69    229    155
     5 :     84    165    154
     6 :     79    168    150
     7 :      6    220      7
     8 :     99    164    146
     9 :    206    237     25
    10 :     84    166     21
    11 :     25    216    206
    12 :    160    185    120
    13 :    166    221     20
    14 :    101    164     99
    15 :    142    214    184
    16 :    152    170     79
    17 :    154    166     84
    18 :     47    170     46
    19 :    162    177     78
    20 :    137    211    180
    21 :     52    222      0
    22 :    120    206    160
    23 :    162    212    177
    24 :      0    224     52
    25 :    148    239     16
    26 :     84    208    165
    27 :    158    159     75
    28 :    169    238    205
    29 :    136    186    165
    30 :    183    194    181
    31 :    190    219    141
    32 :    155    204    115
    33 :     75    161    158
    34 :    141    231    190
    35 :    169    205     89
    36 :    145    204    155
    37 :    167    251    192
    38 :      7    220    138
    39 :    128    217    176
    40 :    168    231    141
    41 :     16    239     69
    42 :    180    223    197
    43 :     46    170     67
    44 :    153    226    196
    45 :    176    247    128
    46 :    196    251    153
    47 :    157    227     44
    48 :    220    238    138
    49 :     44    234    157
    50 :    184    214     81
    51 :     77    217    161
    52 :     72    227    156
    53 :    168    249    231
    54 :     79    170     47
    55 :    207    225    210
    56 :    153    251    167
    57 :    138    238    169
    58 :    165    208    136
    59 :     15    148     16
    60 :     69    155     17
    61 :     18    155    115
    62 :     14    147     74
    63 :    184    230    142
    64 :    161    240     77
    65 :    156    230     72
    66 :    210    225    143
    67 :    192    203    167
    68 :    186    245    165
    69 :    194    223    181
    70 :     74    228    148
    71 :    163    212    162
    72 :    115    233    232
    73 :    101    209    164
    74 :    172    220      6
    75 :    150    168    130
    76 :    130    168    141
    77 :     67    170    167
    78 :    148    228    213
    79 :    164    244    146
    80 :    161    202    158
    81 :    159    216     75
    82 :    205    238    173
    83 :    232    233    178
    84 :    147    215     74
    85 :    167    203     67
    86 :    204    233    115
    87 :      1    221     13
    88 :     66    183    182
    89 :     83    171     60
    90 :     66    182     33
    91 :     55    173    119
    92 :     20    221      1
    93 :    175    176     77
    94 :     88    189     80
    95 :     36    178     78
    96 :     29    175     77
    97 :     55    119     54
    98 :    179    180     73
    99 :     34    177     66
   100 :     76    174     62
   101 :     59    171     89
   102 :     33    182     32
   103 :     80    189     70
   104 :    123    187    149
   105 :     31    179     73
   106 :     59     89     58
   107 :     61     83     60
   108 :     54    172     53
   109 :     61    174     83
   110 :    119    172     54
   111 :     56    173     55
   112 :     37    178     36
   113 :     78    177     35
   114 :     73    175     30
   115 :     36     78     35
   116 :     41    184     81
   117 :    179    181    180
   118 :     48     79     47
   119 :     27     75     26
   120 :     29     77     28
   121 :     60    171     59
   122 :     31     73     30
   123 :     63    185     76
   124 :     99    146     95
   125 :     32    179     31
   126 :    114    188    123
   127 :     34     66     33
   128 :    123    149    124
   129 :     30    175     29
   130 :    114    123    122
   131 :    123    188    187
   132 :     72    184     42
   133 :     39    186    136
   134 :    123    124    122
   135 :     41     81     40
   136 :     35    177     34
   137 :     63     76     62
   138 :     32    182    179
   139 :     62    174     61
   140 :     81    186     40
   141 :     43     72     42
   142 :     95    189     88
   143 :    120    185     64
   144 :    126    145    116
   145 :     42    184     41
   146 :    109    188    114
   147 :     64    185     63
   148 :    182    183    181
   149 :     65    120     64
   150 :     22     84     21
   151 :    116    188    108
   152 :     40    186     39
   153 :    108    188    109
   154 :     46     67     45
   155 :     39    136     38
   156 :    124    132    125
   157 :    114    122    121
   158 :    145    187    116
   159 :    110    126    116
   160 :     94     95     88
   161 :    109    114    113
   162 :    146    189     95
   163 :    110    116    108
   164 :    124    125    122
   165 :    132    134    133
   166 :    106    110    108
   167 :     17    155     18
   168 :    179    182    181
   169 :     16     69     17
   170 :    187    188    116
   171 :    127    140    126
   172 :    106    108    107
   173 :     14     74     15
   174 :    132    133    125
   175 :    114    121    113
   176 :    105    106    104
   177 :    127    163    162
   178 :    100    102    101
   179 :     91    164    131
   180 :    106    107    104
   181 :    102    104    103
   182 :    106    191    110
   183 :    102    105    104
   184 :    110    127    126
   185 :    108    109    107
   186 :     74    148     15
   187 :    125    195    122
   188 :     13    147     14
   189 :    100    101     99
   190 :     96     99     95
   191 :    105    191    106
   192 :     18    115     19
   193 :    102    103    101
   194 :    134    154    135
   195 :    121    156    129
   196 :    122    195    121
   197 :    109    113    112
   198 :    127    162    140
   199 :    113    192    112
   200 :    156    157    129
   201 :     96    100     99
   202 :    134    135    133
   203 :    139    210    143
   204 :    121    129    113
   205 :    133    142    125
   206 :    109    112    107
   207 :    127    191    163
   208 :     94     96     95
   209 :     93     94     88
   210 :    142    195    125
   211 :      9     70     10
   212 :    104    196    103
   213 :     96    111    100
   214 :    100    193    102
   215 :    110    191    127
   216 :    154    165    135
   217 :     87     88     80
   218 :    151    153    152
   219 :    129    192    113
   220 :    107    196    104
   221 :    121    195    156
   222 :     98    117     86
   223 :    167    170    152
   224 :    118    158    117
   225 :    102    193    105
   226 :     71     85     82
   227 :     10     68     11
   228 :    118    160    159
   229 :    153    167    152
   230 :      9     71     70
   231 :      7     92      8
   232 :    111    193    100
   233 :     51    190     50
   234 :    111    194    193
   235 :     93    137     94
   236 :     87     93     88
   237 :    112    196    107
   238 :    118    159    158
   239 :    193    198    105
   240 :     25    237     24
   241 :    131    151    150
   242 :     94    197     96
   243 :     71     82     80
   244 :    194    198    193
   245 :     87    128     93
   246 :    151    152    150
   247 :     91    131    130
   248 :    139    143     92
   249 :     98    118    117
   250 :     71     80     70
   251 :     85     97     86
   252 :     97    144     98
   253 :     82     87     80
   254 :    137    197     94
   255 :    105    198    191
   256 :     85     86     82
   257 :     96    197    111
   258 :     97     98     86
   259 :    117    202    200
   260 :    191    198    163
   261 :    131    150    130
   262 :     91    130     90
   263 :    130    141     90
   264 :    200    202    128
   265 :    118    199    160
   266 :     68     91     90
   267 :    117    200     86
   268 :    144    199     98
   269 :     68     90     11
   270 :      7    138     92
   271 :     98    199    118
   272 :    138    169    139
   273 :     92    201      8
   274 :     82    200     87
   275 :    138    139     92
   276 :     87    200    128
   277 :     86    200     82
   278 :    126    204    145
   279 :     66    212    183
   280 :    158    202    117
   281 :    143    201     92
   282 :    157    203    129
   283 :     58    205     57
   284 :    165    245    135
   285 :    180    211     73
   286 :    156    227    157
   287 :     23    208     22
   288 :    175    211    176
   289 :    103    209    101
   290 :    149    239    213
   291 :    129    203    192
   292 :    140    204    126
   293 :    131    209    151
   294 :     72    230    184
   295 :    176    217     77
   296 :     85    235    201
   297 :    134    250    154
   298 :    149    213    124
   299 :    207    210     83
   300 :     75    240    161
   301 :    174    207     83
   302 :     53    222     52
   303 :     89    205     58
   304 :    183    236    194
   305 :    181    223    180
   306 :    135    214    133
   307 :    139    242    210
   308 :    160    206    159
   309 :    146    218    189
   310 :     11    219     12
   311 :     83    210    171
   312 :     75    216     26
   313 :     22    208     84
   314 :      2    232     37
   315 :     19    232      2
   316 :     52    224     51
   317 :     79    249    168
   318 :    164    209    131
   319 :    187    229    149
   320 :     78    246    162
   321 :    213    239    148
   322 :     90    219     11
   323 :     97    225    144
   324 :     70    218     10
   325 :    215    250    134
   326 :    190    231     50
   327 :     44    227     43
   328 :    140    233    204
   329 :     10    218     68
   330 :    202    217    128
   331 :     45    234     44
   332 :    111    223    194
   333 :    147    221    166
   334 :     73    211    175
   335 :     27    240     75
   336 :     77    240     28
   337 :    132    228    134
   338 :     48    249     79
   339 :    177    212     66
   340 :     91    244    164
   341 :    211    247    176
   342 :     71    235     85
   343 :      5    241     56
   344 :     57    241      5
   345 :    195    230    156
   346 :      3    243     23
   347 :     38    243      3
   348 :    112    251    196
   349 :    194    236    198
   350 :    128    247     93
   351 :    229    239    149
   352 :    161    217    202
   353 :    144    225    207
   354 :    124    213    132
   355 :     26    216     25
   356 :    133    214    142
   357 :    207    248    144
   358 :    160    253    185
   359 :    174    248    207
   360 :     65    254    120
   361 :    151    226    153
   362 :    210    242    171
   363 :    115    232     19
   364 :    209    226    151
   365 :    190    224     12
   366 :    144    248    199
   367 :     12    219    190
   368 :    137    247    211
   369 :      6    222    172
   370 :    248    253    199
   371 :    166    250    147
   372 :     13    221    147
   373 :     12    224      0
   374 :    134    228    215
   375 :    189    218     70
   376 :    201    252     85
   377 :      0    222      6
   378 :    206    216    159
   379 :    178    246     78
   380 :    157    234    203
   381 :    154    250    166
   382 :    119    220    172
   383 :    141    219     90
   384 :    172    222     53
   385 :    146    244    218
   386 :    103    226    209
   387 :    119    238    220
   388 :    203    234     67
   389 :     51    224    190
   390 :     89    242    169
   391 :    212    236    183
   392 :    197    223    111
   393 :     43    227     72
   394 :    143    252    201
   395 :    196    226    103
   396 :     37    232    178
   397 :     50    231     49
   398 :    145    229    187
   399 :    199    253    160
   400 :     67    234     45
   401 :    142    230    195
   402 :     81    245    186
   403 :    169    242    139
   404 :      8    235      9
   405 :      9    235     71
   406 :    173    238    119
   407 :    205    241     57
   408 :    201    235      8
   409 :     85    252     97
   410 :    120    254    237
   411 :     23    243    208
   412 :    198    236    163
   413 :    231    249     49
   414 :    162    246    140
   415 :    171    242     89
   416 :     69    239    229
   417 :     56    241    173
   418 :     28    240     27
   419 :     76    248    174
   420 :    136    243     38
   421 :    135    245    214
   422 :     68    244     91
   423 :     76    253    248
   424 :     93    247    137
   425 :     49    249     48
   426 :    185    253     76
   427 :      4    254     65
   428 :     24    254      4
   429 :    173    241    205
   430 :    192    251    112
   431 :    215    228     74
   432 :    208    243    136
   433 :    120    237    206
   434 :    213    228    132
   435 :    233    246    178
   436 :    218    244     68
   437 :    163    236    212
   438 :    225    252    143
   439 :    214    245     81
   440 :    147    250    215
   441 :    140    246    233
   442 :     97    252    225
   443 :    237    254     24
Number of domains 6
  Domain :      0 
  Name : Outer Disk
  Number of elements :      8
     0     1     2     3     4     5     6     7
  Domain :      1 
  Name : Bottom
  Number of elements :      8
     8     9    10    11    12    13    14    15
  Domain :      2 
  Name : Left
  Number of elements :      5
    16    17    18    19    20
  Domain :      3 
  Name : Right
  Number of elements :     15
    21    22    23    24    25    26    27    28    29    30
    31    32    33    34    35
  Domain :      4 
  Name : Top
  Number of elements :     20
    36    37    38    39    40    41    42    43    44    45
    46    47    48    49    50    51    52    53    54    55
  Domain :      5 
  Name : Inner Disk
  Number of elements :     10
    56    57    58    59    60    61    62    63    64    65
